{
 "cells": [
  {
   "cell_type": "code",
   "execution_count": 121,
   "id": "ba7f7a43-7139-46cc-b74f-d757456c9b4d",
   "metadata": {},
   "outputs": [],
   "source": [
    "# Data handling and analysis libraries\n",
    "import pandas as pd\n",
    "import numpy as np\n",
    "import yfinance as yf\n",
    "import datetime as dt\n",
    "import ta\n",
    "from pandas_datareader import data as pdr\n",
    "\n",
    "# Statistical testing and diagnostics\n",
    "import scipy.stats as stats\n",
    "import statsmodels.api as sm\n",
    "from statsmodels.tsa.seasonal import seasonal_decompose\n",
    "from statsmodels.stats.stattools import durbin_watson\n",
    "from statsmodels.stats.diagnostic import het_breuschpagan, normal_ad\n",
    "from scipy.stats import gaussian_kde\n",
    "\n",
    "# Visualisation libraries\n",
    "import matplotlib.pyplot as plt\n",
    "import seaborn as sns\n",
    "from plotly.subplots import make_subplots\n",
    "import plotly.graph_objects as go\n",
    "from prettytable import PrettyTable\n",
    "\n",
    "# Machine learning preprocessing and evaluation\n",
    "from sklearn.preprocessing import StandardScaler, MinMaxScaler, RobustScaler\n",
    "from sklearn.model_selection import train_test_split, GridSearchCV\n",
    "from sklearn.metrics import mean_squared_error, r2_score, mean_absolute_error\n",
    "from sklearn.model_selection import TimeSeriesSplit\n",
    "\n",
    "\n",
    "# Machine learning algorithms\n",
    "from sklearn.linear_model import LinearRegression, LassoCV\n",
    "from sklearn.svm import SVR\n",
    "\n",
    "# Deep learning libraries from Keras\n",
    "from tensorflow.keras.models import Sequential\n",
    "from tensorflow.keras.layers import Dense, LSTM, Dropout\n",
    "from tensorflow.keras.optimizers import Adam\n",
    "from tensorflow.keras.callbacks import EarlyStopping\n",
    "from tensorflow.keras.backend import clear_session\n",
    "\n",
    "\n",
    "# Miscellaneous utilities\n",
    "import warnings\n",
    "warnings.filterwarnings('ignore')\n",
    "\n",
    "# Setting seed for reproducibility\n",
    "np.random.seed(42)  # For numpy operations\n",
    "import random\n",
    "random.seed(42)  # For Python random library\n",
    "import tensorflow as tf\n",
    "tf.random.set_seed(42)  # For TensorFlow operations"
   ]
  },
  {
   "cell_type": "markdown",
   "id": "79739ce2-2cd3-4ebf-a5f2-32c78aaf6fff",
   "metadata": {},
   "source": [
    "FOR SELECTION OF STOCKS, REFER TO Stocks_Cluster. DO NOT RUN Stocks_Cluster AS IT TAKES VERY LONG"
   ]
  },
  {
   "cell_type": "code",
   "execution_count": 4,
   "id": "6eb9c911-99b9-456d-914b-5a006460fedb",
   "metadata": {},
   "outputs": [
    {
     "name": "stderr",
     "output_type": "stream",
     "text": [
      "[*********************100%%**********************]  16 of 16 completed\n"
     ]
    }
   ],
   "source": [
    "# Downloading the data from Yahoo Finance\n",
    "start_date = '2012-01-01'\n",
    "end_date = '2019-12-31'\n",
    "\n",
    "#Correlation check with respect to all Mega Cap US Stocks.\n",
    "symbols = ['AAPL', 'ABBV', 'AMZN', 'AVGO', 'BAC','GOOGL', 'HD', 'JNJ', 'JPM', 'META', 'NFLX', 'NVDA', 'ORCL', 'TSLA', 'UNH', 'WFC']\n",
    "df_corr = yf.download(symbols,start_date,end_date)"
   ]
  },
  {
   "cell_type": "markdown",
   "id": "3ebb86ac-07ac-4578-aecc-12276ac7e290",
   "metadata": {
    "jp-MarkdownHeadingCollapsed": true
   },
   "source": [
    "# Correlation Between Stocks"
   ]
  },
  {
   "cell_type": "code",
   "execution_count": 40,
   "id": "fdc5e7a1-495d-481a-a3e3-f862b8a4114c",
   "metadata": {},
   "outputs": [
    {
     "data": {
      "text/html": [
       "<div>\n",
       "<style scoped>\n",
       "    .dataframe tbody tr th:only-of-type {\n",
       "        vertical-align: middle;\n",
       "    }\n",
       "\n",
       "    .dataframe tbody tr th {\n",
       "        vertical-align: top;\n",
       "    }\n",
       "\n",
       "    .dataframe thead th {\n",
       "        text-align: right;\n",
       "    }\n",
       "</style>\n",
       "<table border=\"1\" class=\"dataframe\">\n",
       "  <thead>\n",
       "    <tr style=\"text-align: right;\">\n",
       "      <th>Ticker</th>\n",
       "      <th>AAPL</th>\n",
       "      <th>ABBV</th>\n",
       "      <th>AMZN</th>\n",
       "      <th>AVGO</th>\n",
       "      <th>BAC</th>\n",
       "      <th>GOOGL</th>\n",
       "      <th>HD</th>\n",
       "      <th>JNJ</th>\n",
       "      <th>JPM</th>\n",
       "      <th>META</th>\n",
       "      <th>NFLX</th>\n",
       "      <th>NVDA</th>\n",
       "      <th>ORCL</th>\n",
       "      <th>TSLA</th>\n",
       "      <th>UNH</th>\n",
       "      <th>WFC</th>\n",
       "    </tr>\n",
       "    <tr>\n",
       "      <th>Date</th>\n",
       "      <th></th>\n",
       "      <th></th>\n",
       "      <th></th>\n",
       "      <th></th>\n",
       "      <th></th>\n",
       "      <th></th>\n",
       "      <th></th>\n",
       "      <th></th>\n",
       "      <th></th>\n",
       "      <th></th>\n",
       "      <th></th>\n",
       "      <th></th>\n",
       "      <th></th>\n",
       "      <th></th>\n",
       "      <th></th>\n",
       "      <th></th>\n",
       "    </tr>\n",
       "  </thead>\n",
       "  <tbody>\n",
       "    <tr>\n",
       "      <th>2012-01-03</th>\n",
       "      <td>12.433824</td>\n",
       "      <td>NaN</td>\n",
       "      <td>8.9515</td>\n",
       "      <td>21.081671</td>\n",
       "      <td>4.723225</td>\n",
       "      <td>16.651901</td>\n",
       "      <td>31.886053</td>\n",
       "      <td>46.611202</td>\n",
       "      <td>24.695110</td>\n",
       "      <td>NaN</td>\n",
       "      <td>10.320000</td>\n",
       "      <td>3.219730</td>\n",
       "      <td>21.522532</td>\n",
       "      <td>1.872000</td>\n",
       "      <td>42.696808</td>\n",
       "      <td>20.010784</td>\n",
       "    </tr>\n",
       "    <tr>\n",
       "      <th>2012-01-04</th>\n",
       "      <td>12.500644</td>\n",
       "      <td>NaN</td>\n",
       "      <td>8.8755</td>\n",
       "      <td>20.717564</td>\n",
       "      <td>4.731369</td>\n",
       "      <td>16.723724</td>\n",
       "      <td>32.340061</td>\n",
       "      <td>46.328190</td>\n",
       "      <td>24.851547</td>\n",
       "      <td>NaN</td>\n",
       "      <td>11.492857</td>\n",
       "      <td>3.256423</td>\n",
       "      <td>21.647379</td>\n",
       "      <td>1.847333</td>\n",
       "      <td>43.318722</td>\n",
       "      <td>20.102287</td>\n",
       "    </tr>\n",
       "    <tr>\n",
       "      <th>2012-01-05</th>\n",
       "      <td>12.639427</td>\n",
       "      <td>NaN</td>\n",
       "      <td>8.8805</td>\n",
       "      <td>20.746687</td>\n",
       "      <td>5.138544</td>\n",
       "      <td>16.491741</td>\n",
       "      <td>32.604885</td>\n",
       "      <td>46.271595</td>\n",
       "      <td>25.370621</td>\n",
       "      <td>NaN</td>\n",
       "      <td>11.328571</td>\n",
       "      <td>3.373379</td>\n",
       "      <td>22.130087</td>\n",
       "      <td>1.808000</td>\n",
       "      <td>43.608955</td>\n",
       "      <td>20.426065</td>\n",
       "    </tr>\n",
       "    <tr>\n",
       "      <th>2012-01-06</th>\n",
       "      <td>12.771558</td>\n",
       "      <td>NaN</td>\n",
       "      <td>9.1305</td>\n",
       "      <td>20.615614</td>\n",
       "      <td>5.032680</td>\n",
       "      <td>16.266768</td>\n",
       "      <td>32.688133</td>\n",
       "      <td>45.868309</td>\n",
       "      <td>25.143084</td>\n",
       "      <td>NaN</td>\n",
       "      <td>12.327143</td>\n",
       "      <td>3.334394</td>\n",
       "      <td>22.413063</td>\n",
       "      <td>1.794000</td>\n",
       "      <td>43.766499</td>\n",
       "      <td>20.369747</td>\n",
       "    </tr>\n",
       "    <tr>\n",
       "      <th>2012-01-09</th>\n",
       "      <td>12.751301</td>\n",
       "      <td>NaN</td>\n",
       "      <td>8.9280</td>\n",
       "      <td>22.006491</td>\n",
       "      <td>5.105970</td>\n",
       "      <td>15.577077</td>\n",
       "      <td>32.710827</td>\n",
       "      <td>45.939053</td>\n",
       "      <td>25.100410</td>\n",
       "      <td>NaN</td>\n",
       "      <td>14.025714</td>\n",
       "      <td>3.334394</td>\n",
       "      <td>22.546524</td>\n",
       "      <td>1.816667</td>\n",
       "      <td>43.716740</td>\n",
       "      <td>20.623144</td>\n",
       "    </tr>\n",
       "  </tbody>\n",
       "</table>\n",
       "</div>"
      ],
      "text/plain": [
       "Ticker           AAPL  ABBV    AMZN       AVGO       BAC      GOOGL   \n",
       "Date                                                                  \n",
       "2012-01-03  12.433824   NaN  8.9515  21.081671  4.723225  16.651901  \\\n",
       "2012-01-04  12.500644   NaN  8.8755  20.717564  4.731369  16.723724   \n",
       "2012-01-05  12.639427   NaN  8.8805  20.746687  5.138544  16.491741   \n",
       "2012-01-06  12.771558   NaN  9.1305  20.615614  5.032680  16.266768   \n",
       "2012-01-09  12.751301   NaN  8.9280  22.006491  5.105970  15.577077   \n",
       "\n",
       "Ticker             HD        JNJ        JPM  META       NFLX      NVDA   \n",
       "Date                                                                     \n",
       "2012-01-03  31.886053  46.611202  24.695110   NaN  10.320000  3.219730  \\\n",
       "2012-01-04  32.340061  46.328190  24.851547   NaN  11.492857  3.256423   \n",
       "2012-01-05  32.604885  46.271595  25.370621   NaN  11.328571  3.373379   \n",
       "2012-01-06  32.688133  45.868309  25.143084   NaN  12.327143  3.334394   \n",
       "2012-01-09  32.710827  45.939053  25.100410   NaN  14.025714  3.334394   \n",
       "\n",
       "Ticker           ORCL      TSLA        UNH        WFC  \n",
       "Date                                                   \n",
       "2012-01-03  21.522532  1.872000  42.696808  20.010784  \n",
       "2012-01-04  21.647379  1.847333  43.318722  20.102287  \n",
       "2012-01-05  22.130087  1.808000  43.608955  20.426065  \n",
       "2012-01-06  22.413063  1.794000  43.766499  20.369747  \n",
       "2012-01-09  22.546524  1.816667  43.716740  20.623144  "
      ]
     },
     "execution_count": 40,
     "metadata": {},
     "output_type": "execute_result"
    }
   ],
   "source": [
    "# Creating a DataFrame with only the Adj Close\n",
    "df_returns_corr = df_corr['Adj Close'].copy()\n",
    "df_returns_corr.head(5)"
   ]
  },
  {
   "cell_type": "code",
   "execution_count": 41,
   "id": "fcaadf98-6942-4a11-8d55-0137e927f662",
   "metadata": {},
   "outputs": [
    {
     "data": {
      "application/vnd.plotly.v1+json": {
       "config": {
        "plotlyServerURL": "https://plot.ly"
       },
       "data": [
        {
         "colorbar": {
          "title": {
           "text": "Coefficients"
          }
         },
         "colorscale": [
          [
           0,
           "rgb(247,251,255)"
          ],
          [
           0.125,
           "rgb(222,235,247)"
          ],
          [
           0.25,
           "rgb(198,219,239)"
          ],
          [
           0.375,
           "rgb(158,202,225)"
          ],
          [
           0.5,
           "rgb(107,174,214)"
          ],
          [
           0.625,
           "rgb(66,146,198)"
          ],
          [
           0.75,
           "rgb(33,113,181)"
          ],
          [
           0.875,
           "rgb(8,81,156)"
          ],
          [
           1,
           "rgb(8,48,107)"
          ]
         ],
         "type": "heatmap",
         "x": [
          "AAPL",
          "ABBV",
          "AMZN",
          "AVGO",
          "BAC",
          "GOOGL",
          "HD",
          "JNJ",
          "JPM",
          "META",
          "NFLX",
          "NVDA",
          "ORCL",
          "TSLA",
          "UNH",
          "WFC"
         ],
         "y": [
          "AAPL",
          "ABBV",
          "AMZN",
          "AVGO",
          "BAC",
          "GOOGL",
          "HD",
          "JNJ",
          "JPM",
          "META",
          "NFLX",
          "NVDA",
          "ORCL",
          "TSLA",
          "UNH",
          "WFC"
         ],
         "z": [
          [
           1,
           0.8677404088564277,
           0.9358026769821505,
           0.9333142825356454,
           0.9257527055875532,
           0.9278907469301012,
           0.9488838201456762,
           0.8745210452094635,
           0.9551236985550289,
           0.8999279016666397,
           0.915610747287077,
           0.8981617095034563,
           0.9159595100087088,
           0.726475224189456,
           0.9474008987418892,
           0.7326924810729472
          ],
          [
           0.8677404088564277,
           1,
           0.8645006264598816,
           0.8667834001995645,
           0.9111839033179981,
           0.8957224789277608,
           0.8785334554367812,
           0.8887931420758424,
           0.9083097459285043,
           0.8941079946465225,
           0.8777533148404284,
           0.9274187801850662,
           0.8330876366408325,
           0.8009430956848397,
           0.9195316918351577,
           0.8061657200192235
          ],
          [
           0.9358026769821505,
           0.8645006264598816,
           1,
           0.9305406782933809,
           0.9306196735849892,
           0.9547020264423572,
           0.9578745133134682,
           0.8902642587607896,
           0.959154427768351,
           0.9061054545209046,
           0.9818767741243123,
           0.9244044956173394,
           0.8895861462600809,
           0.6762727540941784,
           0.9714012103679891,
           0.6654001286701328
          ],
          [
           0.9333142825356454,
           0.8667834001995645,
           0.9305406782933809,
           1,
           0.9289287659389509,
           0.9665354724966304,
           0.9719548811385199,
           0.9510800612926977,
           0.958706364211236,
           0.9696009197010536,
           0.9111596367934663,
           0.8856514623774558,
           0.9387084658136214,
           0.7931720976988774,
           0.9655968566113262,
           0.7819935957314109
          ],
          [
           0.9257527055875532,
           0.9111839033179981,
           0.9306196735849892,
           0.9289287659389509,
           1,
           0.9555437827531987,
           0.9440408782966679,
           0.9248411570017635,
           0.9874214729801223,
           0.9182143254180853,
           0.932989592704731,
           0.9295619123030884,
           0.9275910487999884,
           0.8112630073093827,
           0.9530996656823669,
           0.8158735478274666
          ],
          [
           0.9278907469301012,
           0.8957224789277608,
           0.9547020264423572,
           0.9665354724966304,
           0.9555437827531987,
           1,
           0.9802448429262673,
           0.9605960007341782,
           0.9733543129129484,
           0.9710373645229423,
           0.9400981878418272,
           0.9122671812846964,
           0.9286815372056145,
           0.8225081613880771,
           0.970712693719939,
           0.8137523659304162
          ],
          [
           0.9488838201456762,
           0.8785334554367812,
           0.9578745133134682,
           0.9719548811385199,
           0.9440408782966679,
           0.9802448429262673,
           1,
           0.9442985118869203,
           0.9729844531467468,
           0.9606208632379782,
           0.9362059225639434,
           0.8945754462255523,
           0.9379219356281959,
           0.7795600858992688,
           0.9711548857626884,
           0.7975030457816754
          ],
          [
           0.8745210452094635,
           0.8887931420758424,
           0.8902642587607896,
           0.9510800612926977,
           0.9248411570017635,
           0.9605960007341782,
           0.9442985118869203,
           1,
           0.936946796426199,
           0.9559341695919344,
           0.8747754525579603,
           0.8551230221410864,
           0.9391531192574977,
           0.8731805585137297,
           0.9431085895356824,
           0.8577784410053964
          ],
          [
           0.9551236985550289,
           0.9083097459285043,
           0.959154427768351,
           0.958706364211236,
           0.9874214729801223,
           0.9733543129129484,
           0.9729844531467468,
           0.936946796426199,
           1,
           0.9408801566881372,
           0.9458478799343732,
           0.9358093780427069,
           0.9355776048726349,
           0.7877203487440866,
           0.9767979072829021,
           0.791394877521905
          ],
          [
           0.8999279016666397,
           0.8941079946465225,
           0.9061054545209046,
           0.9696009197010536,
           0.9182143254180853,
           0.9710373645229423,
           0.9606208632379782,
           0.9559341695919344,
           0.9408801566881372,
           1,
           0.895595120855234,
           0.8941545911507586,
           0.9145433561690793,
           0.8268823788724333,
           0.9459414178189853,
           0.8271301405731988
          ],
          [
           0.915610747287077,
           0.8777533148404284,
           0.9818767741243123,
           0.9111596367934663,
           0.932989592704731,
           0.9400981878418272,
           0.9362059225639434,
           0.8747754525579603,
           0.9458478799343732,
           0.895595120855234,
           1,
           0.9171843094799598,
           0.8806367084860711,
           0.7056930489157954,
           0.9620279590357305,
           0.6918555666448318
          ],
          [
           0.8981617095034563,
           0.9274187801850662,
           0.9244044956173394,
           0.8856514623774558,
           0.9295619123030884,
           0.9122671812846964,
           0.8945754462255523,
           0.8551230221410864,
           0.9358093780427069,
           0.8941545911507586,
           0.9171843094799598,
           1,
           0.8268400108345743,
           0.707065481744525,
           0.9332937110145303,
           0.6876948109848807
          ],
          [
           0.9159595100087088,
           0.8330876366408325,
           0.8895861462600809,
           0.9387084658136214,
           0.9275910487999884,
           0.9286815372056145,
           0.9379219356281959,
           0.9391531192574977,
           0.9355776048726349,
           0.9145433561690793,
           0.8806367084860711,
           0.8268400108345743,
           1,
           0.809213748846899,
           0.9186578559851164,
           0.8054761591789265
          ],
          [
           0.726475224189456,
           0.8009430956848397,
           0.6762727540941784,
           0.7931720976988774,
           0.8112630073093827,
           0.8225081613880771,
           0.7795600858992688,
           0.8731805585137297,
           0.7877203487440866,
           0.8268823788724333,
           0.7056930489157954,
           0.707065481744525,
           0.809213748846899,
           1,
           0.785951998930809,
           0.9259911914441331
          ],
          [
           0.9474008987418892,
           0.9195316918351577,
           0.9714012103679891,
           0.9655968566113262,
           0.9530996656823669,
           0.970712693719939,
           0.9711548857626884,
           0.9431085895356824,
           0.9767979072829021,
           0.9459414178189853,
           0.9620279590357305,
           0.9332937110145303,
           0.9186578559851164,
           0.785951998930809,
           1,
           0.7715352454215106
          ],
          [
           0.7326924810729472,
           0.8061657200192235,
           0.6654001286701328,
           0.7819935957314109,
           0.8158735478274666,
           0.8137523659304162,
           0.7975030457816754,
           0.8577784410053964,
           0.791394877521905,
           0.8271301405731988,
           0.6918555666448318,
           0.6876948109848807,
           0.8054761591789265,
           0.9259911914441331,
           0.7715352454215106,
           1
          ]
         ]
        }
       ],
       "layout": {
        "height": 500,
        "template": {
         "data": {
          "bar": [
           {
            "error_x": {
             "color": "#2a3f5f"
            },
            "error_y": {
             "color": "#2a3f5f"
            },
            "marker": {
             "line": {
              "color": "#E5ECF6",
              "width": 0.5
             },
             "pattern": {
              "fillmode": "overlay",
              "size": 10,
              "solidity": 0.2
             }
            },
            "type": "bar"
           }
          ],
          "barpolar": [
           {
            "marker": {
             "line": {
              "color": "#E5ECF6",
              "width": 0.5
             },
             "pattern": {
              "fillmode": "overlay",
              "size": 10,
              "solidity": 0.2
             }
            },
            "type": "barpolar"
           }
          ],
          "carpet": [
           {
            "aaxis": {
             "endlinecolor": "#2a3f5f",
             "gridcolor": "white",
             "linecolor": "white",
             "minorgridcolor": "white",
             "startlinecolor": "#2a3f5f"
            },
            "baxis": {
             "endlinecolor": "#2a3f5f",
             "gridcolor": "white",
             "linecolor": "white",
             "minorgridcolor": "white",
             "startlinecolor": "#2a3f5f"
            },
            "type": "carpet"
           }
          ],
          "choropleth": [
           {
            "colorbar": {
             "outlinewidth": 0,
             "ticks": ""
            },
            "type": "choropleth"
           }
          ],
          "contour": [
           {
            "colorbar": {
             "outlinewidth": 0,
             "ticks": ""
            },
            "colorscale": [
             [
              0,
              "#0d0887"
             ],
             [
              0.1111111111111111,
              "#46039f"
             ],
             [
              0.2222222222222222,
              "#7201a8"
             ],
             [
              0.3333333333333333,
              "#9c179e"
             ],
             [
              0.4444444444444444,
              "#bd3786"
             ],
             [
              0.5555555555555556,
              "#d8576b"
             ],
             [
              0.6666666666666666,
              "#ed7953"
             ],
             [
              0.7777777777777778,
              "#fb9f3a"
             ],
             [
              0.8888888888888888,
              "#fdca26"
             ],
             [
              1,
              "#f0f921"
             ]
            ],
            "type": "contour"
           }
          ],
          "contourcarpet": [
           {
            "colorbar": {
             "outlinewidth": 0,
             "ticks": ""
            },
            "type": "contourcarpet"
           }
          ],
          "heatmap": [
           {
            "colorbar": {
             "outlinewidth": 0,
             "ticks": ""
            },
            "colorscale": [
             [
              0,
              "#0d0887"
             ],
             [
              0.1111111111111111,
              "#46039f"
             ],
             [
              0.2222222222222222,
              "#7201a8"
             ],
             [
              0.3333333333333333,
              "#9c179e"
             ],
             [
              0.4444444444444444,
              "#bd3786"
             ],
             [
              0.5555555555555556,
              "#d8576b"
             ],
             [
              0.6666666666666666,
              "#ed7953"
             ],
             [
              0.7777777777777778,
              "#fb9f3a"
             ],
             [
              0.8888888888888888,
              "#fdca26"
             ],
             [
              1,
              "#f0f921"
             ]
            ],
            "type": "heatmap"
           }
          ],
          "heatmapgl": [
           {
            "colorbar": {
             "outlinewidth": 0,
             "ticks": ""
            },
            "colorscale": [
             [
              0,
              "#0d0887"
             ],
             [
              0.1111111111111111,
              "#46039f"
             ],
             [
              0.2222222222222222,
              "#7201a8"
             ],
             [
              0.3333333333333333,
              "#9c179e"
             ],
             [
              0.4444444444444444,
              "#bd3786"
             ],
             [
              0.5555555555555556,
              "#d8576b"
             ],
             [
              0.6666666666666666,
              "#ed7953"
             ],
             [
              0.7777777777777778,
              "#fb9f3a"
             ],
             [
              0.8888888888888888,
              "#fdca26"
             ],
             [
              1,
              "#f0f921"
             ]
            ],
            "type": "heatmapgl"
           }
          ],
          "histogram": [
           {
            "marker": {
             "pattern": {
              "fillmode": "overlay",
              "size": 10,
              "solidity": 0.2
             }
            },
            "type": "histogram"
           }
          ],
          "histogram2d": [
           {
            "colorbar": {
             "outlinewidth": 0,
             "ticks": ""
            },
            "colorscale": [
             [
              0,
              "#0d0887"
             ],
             [
              0.1111111111111111,
              "#46039f"
             ],
             [
              0.2222222222222222,
              "#7201a8"
             ],
             [
              0.3333333333333333,
              "#9c179e"
             ],
             [
              0.4444444444444444,
              "#bd3786"
             ],
             [
              0.5555555555555556,
              "#d8576b"
             ],
             [
              0.6666666666666666,
              "#ed7953"
             ],
             [
              0.7777777777777778,
              "#fb9f3a"
             ],
             [
              0.8888888888888888,
              "#fdca26"
             ],
             [
              1,
              "#f0f921"
             ]
            ],
            "type": "histogram2d"
           }
          ],
          "histogram2dcontour": [
           {
            "colorbar": {
             "outlinewidth": 0,
             "ticks": ""
            },
            "colorscale": [
             [
              0,
              "#0d0887"
             ],
             [
              0.1111111111111111,
              "#46039f"
             ],
             [
              0.2222222222222222,
              "#7201a8"
             ],
             [
              0.3333333333333333,
              "#9c179e"
             ],
             [
              0.4444444444444444,
              "#bd3786"
             ],
             [
              0.5555555555555556,
              "#d8576b"
             ],
             [
              0.6666666666666666,
              "#ed7953"
             ],
             [
              0.7777777777777778,
              "#fb9f3a"
             ],
             [
              0.8888888888888888,
              "#fdca26"
             ],
             [
              1,
              "#f0f921"
             ]
            ],
            "type": "histogram2dcontour"
           }
          ],
          "mesh3d": [
           {
            "colorbar": {
             "outlinewidth": 0,
             "ticks": ""
            },
            "type": "mesh3d"
           }
          ],
          "parcoords": [
           {
            "line": {
             "colorbar": {
              "outlinewidth": 0,
              "ticks": ""
             }
            },
            "type": "parcoords"
           }
          ],
          "pie": [
           {
            "automargin": true,
            "type": "pie"
           }
          ],
          "scatter": [
           {
            "fillpattern": {
             "fillmode": "overlay",
             "size": 10,
             "solidity": 0.2
            },
            "type": "scatter"
           }
          ],
          "scatter3d": [
           {
            "line": {
             "colorbar": {
              "outlinewidth": 0,
              "ticks": ""
             }
            },
            "marker": {
             "colorbar": {
              "outlinewidth": 0,
              "ticks": ""
             }
            },
            "type": "scatter3d"
           }
          ],
          "scattercarpet": [
           {
            "marker": {
             "colorbar": {
              "outlinewidth": 0,
              "ticks": ""
             }
            },
            "type": "scattercarpet"
           }
          ],
          "scattergeo": [
           {
            "marker": {
             "colorbar": {
              "outlinewidth": 0,
              "ticks": ""
             }
            },
            "type": "scattergeo"
           }
          ],
          "scattergl": [
           {
            "marker": {
             "colorbar": {
              "outlinewidth": 0,
              "ticks": ""
             }
            },
            "type": "scattergl"
           }
          ],
          "scattermapbox": [
           {
            "marker": {
             "colorbar": {
              "outlinewidth": 0,
              "ticks": ""
             }
            },
            "type": "scattermapbox"
           }
          ],
          "scatterpolar": [
           {
            "marker": {
             "colorbar": {
              "outlinewidth": 0,
              "ticks": ""
             }
            },
            "type": "scatterpolar"
           }
          ],
          "scatterpolargl": [
           {
            "marker": {
             "colorbar": {
              "outlinewidth": 0,
              "ticks": ""
             }
            },
            "type": "scatterpolargl"
           }
          ],
          "scatterternary": [
           {
            "marker": {
             "colorbar": {
              "outlinewidth": 0,
              "ticks": ""
             }
            },
            "type": "scatterternary"
           }
          ],
          "surface": [
           {
            "colorbar": {
             "outlinewidth": 0,
             "ticks": ""
            },
            "colorscale": [
             [
              0,
              "#0d0887"
             ],
             [
              0.1111111111111111,
              "#46039f"
             ],
             [
              0.2222222222222222,
              "#7201a8"
             ],
             [
              0.3333333333333333,
              "#9c179e"
             ],
             [
              0.4444444444444444,
              "#bd3786"
             ],
             [
              0.5555555555555556,
              "#d8576b"
             ],
             [
              0.6666666666666666,
              "#ed7953"
             ],
             [
              0.7777777777777778,
              "#fb9f3a"
             ],
             [
              0.8888888888888888,
              "#fdca26"
             ],
             [
              1,
              "#f0f921"
             ]
            ],
            "type": "surface"
           }
          ],
          "table": [
           {
            "cells": {
             "fill": {
              "color": "#EBF0F8"
             },
             "line": {
              "color": "white"
             }
            },
            "header": {
             "fill": {
              "color": "#C8D4E3"
             },
             "line": {
              "color": "white"
             }
            },
            "type": "table"
           }
          ]
         },
         "layout": {
          "annotationdefaults": {
           "arrowcolor": "#2a3f5f",
           "arrowhead": 0,
           "arrowwidth": 1
          },
          "autotypenumbers": "strict",
          "coloraxis": {
           "colorbar": {
            "outlinewidth": 0,
            "ticks": ""
           }
          },
          "colorscale": {
           "diverging": [
            [
             0,
             "#8e0152"
            ],
            [
             0.1,
             "#c51b7d"
            ],
            [
             0.2,
             "#de77ae"
            ],
            [
             0.3,
             "#f1b6da"
            ],
            [
             0.4,
             "#fde0ef"
            ],
            [
             0.5,
             "#f7f7f7"
            ],
            [
             0.6,
             "#e6f5d0"
            ],
            [
             0.7,
             "#b8e186"
            ],
            [
             0.8,
             "#7fbc41"
            ],
            [
             0.9,
             "#4d9221"
            ],
            [
             1,
             "#276419"
            ]
           ],
           "sequential": [
            [
             0,
             "#0d0887"
            ],
            [
             0.1111111111111111,
             "#46039f"
            ],
            [
             0.2222222222222222,
             "#7201a8"
            ],
            [
             0.3333333333333333,
             "#9c179e"
            ],
            [
             0.4444444444444444,
             "#bd3786"
            ],
            [
             0.5555555555555556,
             "#d8576b"
            ],
            [
             0.6666666666666666,
             "#ed7953"
            ],
            [
             0.7777777777777778,
             "#fb9f3a"
            ],
            [
             0.8888888888888888,
             "#fdca26"
            ],
            [
             1,
             "#f0f921"
            ]
           ],
           "sequentialminus": [
            [
             0,
             "#0d0887"
            ],
            [
             0.1111111111111111,
             "#46039f"
            ],
            [
             0.2222222222222222,
             "#7201a8"
            ],
            [
             0.3333333333333333,
             "#9c179e"
            ],
            [
             0.4444444444444444,
             "#bd3786"
            ],
            [
             0.5555555555555556,
             "#d8576b"
            ],
            [
             0.6666666666666666,
             "#ed7953"
            ],
            [
             0.7777777777777778,
             "#fb9f3a"
            ],
            [
             0.8888888888888888,
             "#fdca26"
            ],
            [
             1,
             "#f0f921"
            ]
           ]
          },
          "colorway": [
           "#636efa",
           "#EF553B",
           "#00cc96",
           "#ab63fa",
           "#FFA15A",
           "#19d3f3",
           "#FF6692",
           "#B6E880",
           "#FF97FF",
           "#FECB52"
          ],
          "font": {
           "color": "#2a3f5f"
          },
          "geo": {
           "bgcolor": "white",
           "lakecolor": "white",
           "landcolor": "#E5ECF6",
           "showlakes": true,
           "showland": true,
           "subunitcolor": "white"
          },
          "hoverlabel": {
           "align": "left"
          },
          "hovermode": "closest",
          "mapbox": {
           "style": "light"
          },
          "paper_bgcolor": "white",
          "plot_bgcolor": "#E5ECF6",
          "polar": {
           "angularaxis": {
            "gridcolor": "white",
            "linecolor": "white",
            "ticks": ""
           },
           "bgcolor": "#E5ECF6",
           "radialaxis": {
            "gridcolor": "white",
            "linecolor": "white",
            "ticks": ""
           }
          },
          "scene": {
           "xaxis": {
            "backgroundcolor": "#E5ECF6",
            "gridcolor": "white",
            "gridwidth": 2,
            "linecolor": "white",
            "showbackground": true,
            "ticks": "",
            "zerolinecolor": "white"
           },
           "yaxis": {
            "backgroundcolor": "#E5ECF6",
            "gridcolor": "white",
            "gridwidth": 2,
            "linecolor": "white",
            "showbackground": true,
            "ticks": "",
            "zerolinecolor": "white"
           },
           "zaxis": {
            "backgroundcolor": "#E5ECF6",
            "gridcolor": "white",
            "gridwidth": 2,
            "linecolor": "white",
            "showbackground": true,
            "ticks": "",
            "zerolinecolor": "white"
           }
          },
          "shapedefaults": {
           "line": {
            "color": "#2a3f5f"
           }
          },
          "ternary": {
           "aaxis": {
            "gridcolor": "white",
            "linecolor": "white",
            "ticks": ""
           },
           "baxis": {
            "gridcolor": "white",
            "linecolor": "white",
            "ticks": ""
           },
           "bgcolor": "#E5ECF6",
           "caxis": {
            "gridcolor": "white",
            "linecolor": "white",
            "ticks": ""
           }
          },
          "title": {
           "x": 0.05
          },
          "xaxis": {
           "automargin": true,
           "gridcolor": "white",
           "linecolor": "white",
           "ticks": "",
           "title": {
            "standoff": 15
           },
           "zerolinecolor": "white",
           "zerolinewidth": 2
          },
          "yaxis": {
           "automargin": true,
           "gridcolor": "white",
           "linecolor": "white",
           "ticks": "",
           "title": {
            "standoff": 15
           },
           "zerolinecolor": "white",
           "zerolinewidth": 2
          }
         }
        },
        "title": {
         "text": "Correlation absolutes between Stocks"
        },
        "width": 800,
        "xaxis": {
         "autorange": true,
         "range": [
          -0.5,
          15.5
         ],
         "type": "category"
        },
        "yaxis": {
         "autorange": true,
         "range": [
          -0.5,
          15.5
         ],
         "type": "category"
        }
       }
      },
      "text/html": [
